          weight_2019 pitax_2019 total_gross_income_2019 weight_2020 pitax_2020 total_gross_income_2020 weight_2021 pitax_2021 total_gross_income_2021 weight_2022 pitax_2022 total_gross_income_2022 weight_2023 pitax_2023 total_gross_income_2023 weight_2024 pitax_2024 total_gross_income_2024 weight_ref_2024 pitax_ref_2024 total_gross_income_ref_2024 weight_ref_2025 pitax_ref_2025 total_gross_income_ref_2025 weight_ref_2026 pitax_ref_2026 total_gross_income_ref_2026 weight_ref_2027 pitax_ref_2027 total_gross_income_ref_2027
<0                0.0          0                       0         0.0          0                       0         0.0          0                       0         0.0          0                       0         0.0          0                       0         0.0          0                       0             0.0              0                           0             0.0              0                           0             0.0              0                           0             0.0              0                           0
=0             1272.0          0                       0      1272.0          0                       0      1272.0          0                       0      1272.0          0                       0      1272.0          0                       0      1272.0          0                       0          1272.0              0                           0          1272.0              0                           0          1272.0              0                           0          1272.0              0                           0
0-0.05 m    1562974.0     18,452                 193,938   1570314.0     16,721                 183,899   1547904.0     21,818                 212,035   1536974.0     24,073                 223,319   1524184.0     26,443                 234,539   1515254.0     28,021                 241,695       1515254.0         29,060                     241,695       1505964.0         30,826                     249,021       1495354.0         32,620                     256,037       1484484.0         34,557                     263,273
0.05-0.1m     49280.0      4,924                  33,574     44930.0      4,361                  30,569     58710.0      6,143                  40,094     65900.0      7,096                  45,098     73890.0      8,162                  50,358     79660.0      8,959                  54,212         79660.0         10,161                      54,212         85520.0         11,100                      58,170         92350.0         12,145                      62,642         99370.0         13,274                      67,398
0.1-0.15m     12630.0      2,102                  15,252     11180.0      1,823                  13,526     15030.0      2,602                  18,140     16700.0      2,981                  20,246     19060.0      3,482                  23,056     20520.0      3,801                  24,828         20520.0          4,509                      24,828         21890.0          4,850                      26,415         23610.0          5,292                      28,444         25290.0          5,746                      30,475
0.15-0.2m      5340.0      1,182                   9,194      4820.0      1,054                   8,292      6470.0      1,499                  11,113      7040.0      1,670                  12,121      7920.0      1,922                  13,660      8440.0      2,087                  14,546          8440.0          2,553                      14,546          9150.0          2,782                      15,675         10030.0          3,086                      17,205         10870.0          3,382                      18,668
0.2-0.3m       4470.0      1,342                  10,801      4010.0      1,176                   9,699      5500.0      1,689                  13,305      6210.0      1,930                  15,011      6730.0      2,129                  16,201      7410.0      2,373                  17,889          7410.0          2,981                      17,889          8100.0          3,279                      19,522          8480.0          3,471                      20,458          9130.0          3,799                      22,123
0.3-0.4m       2080.0        821                   7,159      1850.0        721                   6,305      2370.0        955                   8,213      2490.0      1,044                   8,554      2980.0      1,279                  10,201      3150.0      1,378                  10,889          3150.0          1,785                      10,889          3290.0          1,889                      11,333          3680.0          2,126                      12,674          3820.0          2,188                      13,178
0.4-0.5m        880.0        438                   3,892       800.0        407                   3,560      1250.0        641                   5,536      1570.0        811                   6,945      1750.0        898                   7,860      1640.0        851                   7,356          1640.0          1,118                       7,356          1840.0          1,268                       8,217          1810.0          1,265                       8,052          2020.0          1,471                       8,984
0.5-1m         1470.0      1,073                   9,901      1310.0        932                   8,879      1770.0      1,332                  12,164      2000.0      1,505                  13,710      2250.0      1,729                  15,460      2560.0      1,949                  17,160          2560.0          2,616                      17,160          2740.0          2,767                      18,213          3100.0          3,132                      20,566          3300.0          3,358                      21,950
>1m             810.0      1,745                  23,483       720.0      1,538                  20,961       930.0      2,130                  27,942      1050.0      2,435                  31,423      1170.0      2,773                  35,206      1300.0      3,041                  38,294          1300.0          4,292                      38,294          1440.0          4,734                      41,646          1520.0          5,095                      44,543          1650.0          5,536                      48,104
ALL         1641206.0     32,079                 307,195   1641206.0     28,732                 285,691   1641206.0     38,808                 348,543   1641206.0     43,546                 376,426   1641206.0     48,816                 406,541   1641206.0     52,460                 426,868       1641206.0         59,074                     426,868       1641206.0         63,494                     448,211       1641206.0         68,233                     470,621       1641206.0         73,312                     494,153

