        weight_2019 pitax_2019 total_gross_income_2019 weight_2020 pitax_2020 total_gross_income_2020 weight_2021 pitax_2021 total_gross_income_2021 weight_2022 pitax_2022 total_gross_income_2022 weight_2023 pitax_2023 total_gross_income_2023 weight_2024 pitax_2024 total_gross_income_2024 weight_ref_2024 pitax_ref_2024 total_gross_income_ref_2024 weight_ref_2025 pitax_ref_2025 total_gross_income_ref_2025 weight_ref_2026 pitax_ref_2026 total_gross_income_ref_2026 weight_ref_2027 pitax_ref_2027 total_gross_income_ref_2027
 0-10n          -99          0                       0         -99          0                       0         -99          0                       0         -99          0                       0         -99          0                       0         -99          0                       0             -99              0                           0             -99              0                           0             -99              0                           0             -99              0                           0
 0-10z          -99          0                       0         -99          0                       0         -99          0                       0         -99          0                       0         -99          0                       0         -99          0                       0             -99              0                           0             -99              0                           0             -99              0                           0             -99              0                           0
 0-10p      164,111         76                  15,725     164,111         63                  14,624     164,111        123                  17,842     164,111        169                  19,269     164,111        229                  20,811     164,111        273                  21,851         164,111            286                      21,851         164,111            335                      22,944         164,111            389                      24,091         164,111            452                      25,295
 10-20      164,130      1,269                  46,562     164,130        996                  43,302     164,130      1,879                  52,829     164,130      2,336                  57,055     164,130      2,860                  61,620     164,130      3,228                  64,701         164,130          3,250                      64,701         164,130          3,647                      67,936         164,130          4,073                      71,332         164,130          4,527                      74,899
 20-30      164,116      3,584                  68,099     164,116      2,983                  63,332     164,116      4,760                  77,265     164,116      5,559                  83,447     164,116      6,424                  90,122     164,116      7,009                  94,629         164,116          7,047                      94,629         164,116          7,664                      99,360         164,116          8,316                     104,328         164,116          9,019                     109,544
 30-40      164,122      5,540                  84,188     164,122      4,786                  78,295     164,122      6,995                  95,520     164,122      7,978                 103,161     164,122      9,055                 111,414     164,122      9,810                 116,985         164,122          9,867                     116,985         164,122         10,699                     122,834         164,122         11,607                     128,976         164,122         12,583                     135,424
 40-50      164,122      7,362                  99,778     164,122      6,476                  92,794     164,122      9,085                 113,208     164,122     10,314                 122,265     164,122     11,725                 132,046     164,122     12,708                 138,648         164,122         12,790                     138,648         164,122         13,838                     145,581         164,122         14,948                     152,860         164,122         16,118                     160,503
 50-60      164,118      9,410                 117,257     164,118      8,353                 109,049     164,118     11,605                 133,039     164,118     13,166                 143,683     164,118     14,879                 155,177     164,118     16,043                 162,936         164,118         16,169                     162,936         164,118         17,407                     171,083         164,118         18,729                     179,637         164,118         20,159                     188,619
 60-70      164,121     12,321                 139,582     164,121     10,929                 129,811     164,121     15,073                 158,370     164,121     16,955                 171,039     164,121     19,040                 184,722     164,121     20,502                 193,958         164,121         20,695                     193,958         164,121         22,298                     203,656         164,121         24,169                     213,839         164,121         26,548                     224,531
 70-80      164,121     16,668                 172,492     164,121     14,914                 160,417     164,121     20,176                 195,709     164,121     22,825                 211,366     164,121     26,432                 228,275     164,121     29,508                 239,689         164,121         30,136                     239,689         164,121         34,164                     251,674         164,121         38,885                     264,257         164,121         44,048                     277,470
 80-90      164,115     27,077                 237,427     164,115     23,467                 220,807     164,115     35,411                 269,385     164,115     41,762                 290,936     164,115     48,656                 314,210     164,115     53,095                 329,921         164,115         56,462                     329,921         164,115         61,510                     346,417         164,115         66,662                     363,738         164,115         72,003                     381,925
 90-100     164,130    112,145                 890,609     164,130    102,093                 828,266     164,130    131,350               1,010,485     164,130    144,255               1,091,323     164,130    158,130               1,178,629     164,130    167,456               1,237,561         164,130        203,233                   1,237,561         164,130        215,303                   1,299,439         164,130        227,959                   1,364,411         164,130        241,229                   1,432,631
 ALL      1,641,206     19,546                 187,176   1,641,206     17,507                 174,074   1,641,206     23,646                 212,370   1,641,206     26,533                 229,360   1,641,206     29,744                 247,708   1,641,206     31,964                 260,094       1,641,206         35,994                     260,094       1,641,206         38,688                     273,099       1,641,206         41,575                     286,753       1,641,206         44,670                     301,091
 90-95       82,060     53,779                 370,766      82,060     47,691                 344,812      82,060     65,455                 420,671      82,060     73,335                 454,325      82,060     81,802                 490,671      82,060     87,477                 515,204          82,060         97,038                     515,204          82,060        103,940                     540,964          82,060        111,165                     568,013          82,060        118,716                     596,413
 95-99       65,650    108,619                 751,335      65,650     98,840                 698,742      65,650    127,167                 852,465      65,650    139,560                 920,662      65,650    152,847                 994,315      65,650    161,765               1,044,031          65,650        190,208                   1,044,031          65,650        201,500                   1,096,233          65,650        213,339                   1,151,044          65,650        225,765                   1,208,596
 Top 1%      16,420    417,928               4,045,394      16,420    386,979               3,762,217      16,420    477,392               4,589,904      16,420    517,447               4,957,097      16,420    560,706               5,353,665      16,420    589,910               5,621,348          16,420        786,022                   5,621,348          16,420        827,036                   5,902,415          16,420        870,100                   6,197,536          16,420        915,321                   6,507,413

